18.47 149.15 104.43 19.00 148.07 103.49 19.16 148.61 102.17 20.28 147.64 104.20 21.37 148.51 104.00 19.89 147.79 105.68 18.71 148.57 105.73 19.72 146.55 106.47 19.50 146.70 107.83 19.79 145.30 105.89
29.48 148.13 100.37 29.61 146.83 99.59 30.46 146.94 98.46 30.19 145.92 100.65 31.56 146.19 100.94 29.34 146.32 101.86 28.98 147.68 101.66 28.12 145.51 101.93 28.25 144.20 102.37 26.89 146.00 101.54
30.65 137.31 47.43 31.66 136.61 46.53 32.59 137.57 46.05 32.42 135.73 47.51 33.75 135.50 47.06 32.44 136.62 48.75 31.18 137.25 48.78 32.66 135.93 50.03 33.54 136.52 50.93 32.04 134.75 50.35
7.64 144.32 30.26 6.97 145.21 31.30 5.57 145.10 31.11 7.32 144.53 32.62 6.34 143.59 33.01 8.60 143.77 32.27 8.90 144.04 30.92 9.77 144.02 33.13 10.12 143.00 33.99 10.46 145.20 33.11
17.54 126.83 30.94 17.58 125.32 30.72 17.96 124.68 31.94 16.11 125.00 30.49 15.78 123.66 30.76 15.47 125.90 31.53 16.22 127.10 31.49 14.04 126.18 31.34 13.59 126.76 30.12 13.15 125.86 32.32
26.64 124.58 95.80 26.53 124.76 94.29 25.71 125.91 94.04 27.97 125.05 93.89 28.06 125.78 92.68 28.46 125.90 95.08 27.67 125.53 96.20 29.88 125.67 95.42 30.89 125.90 94.46 30.23 125.23 96.68
74.12 134.20 74.11 75.40 133.49 73.73 75.63 132.40 74.61 75.07 132.96 72.34 74.37 131.73 72.38 74.13 134.06 71.80 73.74 134.86 72.89 74.60 134.93 70.72 75.93 135.32 70.67 73.71 135.37 69.77
351.09 342.79 401.68 351.60 343.92 402.56 350.61 344.58 403.35 352.69 343.28 403.41 352.14 342.72 404.59 353.17 342.15 402.52 352.17 341.85 401.58 354.47 342.38 401.85 354.68 342.54 400.48 355.51 342.34 402.72
200.08 215.95 259.93 200.17 216.48 261.65 200.95 215.81 263.02 200.55 217.97 261.46 201.59 218.40 262.30 200.95 218.07 259.95 200.13 217.16 259.21 200.84 219.36 259.26 201.38 219.31 257.95 200.24 220.51 259.71
16.23 -42.71 -91.77 16.06 -42.22 -93.21 14.68 -42.29 -93.56 16.48 -40.76 -93.13 15.84 -39.94 -94.09 16.04 -40.37 -91.72 16.14 -41.54 -90.92 16.89 -39.33 -91.12 17.51 -39.59 -89.91 17.06 -38.12 -91.76
