23.83 149.86 102.05 25.26 149.51 101.72 25.71 150.28 100.62 25.99 149.74 103.03 26.30 151.09 103.28 24.93 149.24 104.03 23.67 149.49 103.44 25.01 147.81 104.31 26.12 147.11 104.72 24.00 146.89 104.23
35.06 139.63 68.80 35.02 139.47 67.28 34.37 138.24 66.99 34.12 140.63 66.86 33.47 140.45 65.63 33.09 140.60 67.99 33.81 140.28 69.16 32.40 141.87 68.16 31.07 142.03 68.49 32.90 143.14 67.98
73.05 144.32 24.03 73.91 143.88 22.85 74.46 145.05 22.26 75.03 143.10 23.53 76.22 143.06 22.77 75.24 143.94 24.79 73.96 144.43 25.16 75.78 143.19 25.92 75.25 142.06 26.50 76.90 143.50 26.66
75.49 141.22 35.47 76.83 141.62 34.88 77.91 141.25 35.72 76.83 140.86 33.56 77.22 139.52 33.72 75.35 140.91 33.17 74.62 141.33 34.32 75.01 141.79 32.06 73.95 141.59 31.19 75.62 142.95 31.64
93.60 149.07 13.58 92.87 148.24 14.62 93.16 148.75 15.92 91.40 148.44 14.22 90.84 149.63 14.73 91.51 148.57 12.69 92.88 148.73 12.37 90.97 147.49 11.88 91.12 146.14 12.07 90.21 147.63 10.74
-5.75 131.87 89.81 -6.47 132.70 88.75 -5.87 133.99 88.50 -6.29 131.88 87.46 -5.16 132.27 86.70 -6.04 130.46 88.00 -6.01 130.52 89.40 -6.91 129.36 87.58 -6.74 128.60 86.44 -7.99 128.82 88.22
57.24 111.02 60.13 55.94 110.33 60.52 55.72 110.47 61.91 54.90 111.10 59.71 53.62 111.12 60.31 55.48 112.51 59.69 56.88 112.40 59.90 55.27 113.15 58.39 54.09 113.20 57.68 56.21 113.80 57.62
69.45 81.14 181.41 70.40 81.96 180.55 71.68 81.35 180.44 69.68 82.00 179.20 69.93 80.86 178.40 68.21 82.01 179.63 68.14 81.59 180.98 67.54 83.30 179.47 67.04 84.12 180.46 67.27 83.92 178.28
75.83 90.94 68.91 77.36 90.94 68.90 77.76 90.56 67.59 77.72 92.42 69.20 78.33 93.07 68.11 76.35 93.06 69.42 75.54 92.00 69.83 76.20 94.16 70.36 75.00 94.76 70.66 77.14 94.82 71.11
202.69 209.82 264.28 204.21 209.59 264.60 204.43 208.60 265.62 204.92 209.11 263.23 205.71 207.96 263.47 203.78 208.70 262.25 202.53 208.85 263.08 203.85 209.12 260.55 203.26 209.99 259.19 204.87 208.58 259.65
